{
 "cells": [
  {
   "cell_type": "code",
   "execution_count": 42,
   "metadata": {},
   "outputs": [],
   "source": [
    "import torch\n",
    "import numpy as np\n",
    "import imageio\n",
    "import matplotlib.pyplot as plt\n",
    "import os\n",
    "from torch.utils.data import DataLoader"
   ]
  },
  {
   "cell_type": "code",
   "execution_count": 32,
   "metadata": {},
   "outputs": [],
   "source": [
    "#this has 10 test images and 90 train images of fox\n",
    "# pose - postion - 16 values(4 x 4 matrix)\n",
    "#c2value ( so we take only 3 values)\n",
    "\n",
    "# so we have the postion for the test of the training data\n",
    "# intrinsics of a matrix - focal length and principal point for the x and y of the axis\n",
    "#  "
   ]
  },
  {
   "cell_type": "code",
   "execution_count": null,
   "metadata": {},
   "outputs": [],
   "source": [
    "# we have assumed that pinhole camera is at the center\n",
    "# - w/2 and - h/2 so 200 x 200 pixels gives 100-100 point(center of the image)\n"
   ]
  },
  {
   "cell_type": "code",
   "execution_count": 4,
   "metadata": {},
   "outputs": [],
   "source": [
    "def get_rays(datapath):\n",
    "    \n",
    "    pos_file_names = os.listdir(datapath + '/train/pose')\n",
    "    intrinsics_file_names = os.listdir(datapath + '/train/intrinsics')\n",
    "    img_file_names =[f for f in os.listdir(datapath + '/imgs') if 'train' in f]\n",
    "\n",
    "    # print(len(pos_file_naemes))\n",
    "    # print(len(intrinsics_file_names))\n",
    "    # print(len(img_file_names))\n",
    "\n",
    "    assert len(pos_file_names) == len(intrinsics_file_names)\n",
    "    assert len(img_file_names) == len(pos_file_names)\n",
    "\n",
    "    # Read\n",
    "    N = len(pos_file_names)\n",
    "    poses = np.zeros((N, 4, 4))\n",
    "    \n",
    "    images = []\n",
    "    \n",
    "    for i in range(N):\n",
    "        name = pos_file_names[i]\n",
    "        \n",
    "        pose = open(datapath + '/train/pose/' + name).read().split()\n",
    "        #poses[i] = np.array(pose, dtype=float).reshape(4, 4)\n",
    "        print(pose)\n",
    "        \n",
    "        #intrinsic = open(datapath + '/train/intrinsics/' + name).read().split()\n",
    "        #intrinsics[i] = np.array(intrinsic, dtype=float).reshape(4, 4)\n",
    "    \n",
    "# we have now listed all the files"
   ]
  },
  {
   "cell_type": "code",
   "execution_count": 5,
   "metadata": {},
   "outputs": [
    {
     "name": "stdout",
     "output_type": "stream",
     "text": [
      "['0.6859206557273865', '-0.32401347160339355', '0.6515582203865051', '7.358891487121582', '0.7276763319969177', '0.305420845746994', '-0.6141703724861145', '-6.925790786743164', '0.0', '0.8953956365585327', '0.44527140259742737', '4.958309173583984', '0.0', '0.0', '0.0', '1.0']\n",
      "['-4.371138828673793e-08', '-0.9950000047683716', '0.09987492859363556', '0.9987491965293884', '1.0', '-4.349283244664548e-08', '4.365671824047013e-09', '0.0', '0.0', '0.09987492859363556', '0.9950000047683716', '9.949999809265137', '0.0', '0.0', '0.0', '1.0']\n",
      "['-0.9057350754737854', '-0.37934067845344543', '0.18906259536743164', '1.890633463859558', '0.4238443076610565', '-0.8106328845024109', '0.40401774644851685', '4.0401740074157715', '0.0', '0.44606614112854004', '0.8949999809265137', '8.949999809265137', '0.0', '0.0', '0.0', '1.0']\n",
      "['0.9541639685630798', '-0.26486659049987793', '0.13934408128261566', '1.3934388160705566', '0.29928427934646606', '0.8444351553916931', '-0.4442501962184906', '-4.442502498626709', '0.0', '0.4655910134315491', '0.8849999904632568', '8.850000381469727', '0.0', '0.0', '0.0', '1.0']\n",
      "['-0.5014083981513977', '0.7570593953132629', '-0.4188683331012726', '-4.188685894012451', '-0.8652107119560242', '-0.4387323558330536', '0.24274329841136932', '2.427428960800171', '0.0', '0.4841229021549225', '0.875', '8.75', '0.0', '0.0', '0.0', '1.0']\n",
      "['-0.21472084522247314', '-0.8448242545127869', '0.4900682866573334', '4.900684356689453', '0.9766754508018494', '-0.18573352694511414', '0.10774087905883789', '1.0774016380310059', '0.0', '0.501771867275238', '0.8650000095367432', '8.649999618530273', '0.0', '0.0', '0.0', '1.0']\n",
      "['0.8180624842643738', '0.49173563718795776', '-0.29827818274497986', '-2.9827821254730225', '-0.5751293897628784', '0.6994433999061584', '-0.4242700934410095', '-4.242700576782227', '0.0', '0.5186280012130737', '0.8550000190734863', '8.550000190734863', '0.0', '0.0', '0.0', '1.0']\n",
      "['-0.9917082786560059', '0.10859039425849915', '-0.06872246414422989', '-0.6872318387031555', '-0.12850934267044067', '-0.8379935026168823', '0.5303322076797485', '5.30332088470459', '0.0', '0.5347663164138794', '0.8450000286102295', '8.449999809265137', '0.0', '0.0', '0.0', '1.0']\n",
      "['0.6444461941719055', '-0.6384824514389038', '0.42074844241142273', '4.207480430603027', '0.7646496891975403', '0.5381125807762146', '-0.3546064794063568', '-3.5460691452026367', '0.0', '0.5502499341964722', '0.8349999785423279', '8.350000381469727', '0.0', '0.0', '0.0', '1.0']\n",
      "['0.041317470371723175', '0.8242955207824707', '-0.5646501183509827', '-5.646501541137695', '-0.999146044254303', '0.0340869165956974', '-0.023349855095148087', '-0.23350055515766144', '0.0', '0.565132737159729', '0.824999988079071', '8.25', '0.0', '0.0', '0.0', '1.0']\n",
      "['0.9989324808120728', '0.03718665987253189', '-0.02740609645843506', '-0.2740422189235687', '-0.04619460552930832', '0.8041406273841858', '-0.5926414728164673', '-5.92641544342041', '0.0', '0.5932748317718506', '0.8050000071525574', '8.050000190734863', '0.0', '0.0', '0.0', '1.0']\n",
      "['-0.7677841782569885', '0.5093632936477661', '-0.38865986466407776', '-3.8866021633148193', '-0.6407085657119751', '-0.6103883981704712', '0.46574512124061584', '4.6574482917785645', '0.0', '0.6066094636917114', '0.7949999570846558', '7.949999809265137', '0.0', '0.0', '0.0', '1.0']\n",
      "['0.6754904389381409', '0.7263082265853882', '-0.12723617255687714', '-1.2723619937896729', '-0.7373687624931335', '0.6653580665588379', '-0.11655880510807037', '-1.1655877828598022', '0.0', '0.17255434393882751', '0.9850000143051147', '9.850000381469727', '0.0', '0.0', '0.0', '1.0']\n",
      "['0.1333453506231308', '-0.7779896855354309', '0.6139634251594543', '6.1396331787109375', '0.9910696148872375', '0.10467609763145447', '-0.08260687440633774', '-0.8260789513587952', '0.0', '0.6194957494735718', '0.7850000262260437', '7.849999904632568', '0.0', '0.0', '0.0', '1.0']\n",
      "['0.5711289048194885', '0.6361667513847351', '-0.5187519192695618', '-5.187506675720215', '-0.8208603858947754', '0.44262489676475525', '-0.3609313368797302', '-3.6093318462371826', '0.0', '0.6319612264633179', '0.7749999761581421', '7.75', '0.0', '0.0', '0.0', '1.0']\n",
      "['-0.975616455078125', '-0.1679041087627411', '0.14135336875915527', '1.4135264158248901', '0.21948249638080597', '-0.7463465929031372', '0.6283265352249146', '6.283267021179199', '0.0', '0.6440302729606628', '0.7649999856948853', '7.650000095367432', '0.0', '0.0', '0.0', '1.0']\n",
      "['0.8676462769508362', '-0.37537238001823425', '0.32601451873779297', '3.2601382732391357', '0.4971819519996643', '0.6550729870796204', '-0.5689371824264526', '-5.689375877380371', '0.0', '0.6557247638702393', '0.7549999952316284', '7.550000190734863', '0.0', '0.0', '0.0', '1.0']\n",
      "['-0.30393147468566895', '0.7097569108009338', '-0.6355082392692566', '-6.355074882507324', '-0.9526938796043396', '-0.22642895579338074', '0.20274190604686737', '2.027442216873169', '0.0', '0.6670644879341125', '0.7450000047683716', '7.449999809265137', '0.0', '0.0', '0.0', '1.0']\n",
      "['-0.41942110657691956', '-0.6672269701957703', '0.6155437231063843', '6.155433177947998', '0.907791793346405', '-0.308274507522583', '0.28439566493034363', '2.843966245651245', '0.0', '0.6780670881271362', '0.7350000143051147', '7.349999904632568', '0.0', '0.0', '0.0', '1.0']\n",
      "['0.9224735498428345', '0.2798937261104584', '-0.26589858531951904', '-2.6589913368225098', '-0.38606029748916626', '0.6687933206558228', '-0.635352611541748', '-6.3535237312316895', '0.0', '0.688748836517334', '0.7250000238418579', '7.25', '0.0', '0.0', '0.0', '1.0']\n",
      "['0.4652324914932251', '-0.6240578889846802', '0.6277821660041809', '6.277828216552734', '0.8851885199546814', '0.3279889225959778', '-0.32994627952575684', '-3.299450635910034', '0.0', '0.70920729637146', '0.7049999833106995', '7.050000190734863', '0.0', '0.0', '0.0', '1.0']\n",
      "['0.2548906207084656', '0.672044038772583', '-0.695260763168335', '-6.952608585357666', '-0.966969907283783', '0.1771489828824997', '-0.18326884508132935', '-1.8326852321624756', '0.0', '0.7190097570419312', '0.6949999928474426', '6.949999809265137', '0.0', '0.0', '0.0', '1.0']\n",
      "['-0.8411284685134888', '-0.3704721927642822', '0.3940218389034271', '3.9402358531951904', '0.5408353209495544', '-0.5761730074882507', '0.6127983331680298', '6.12797212600708', '0.0', '0.7285430431365967', '0.6850000023841858', '6.849999904632568', '0.0', '0.0', '0.0', '1.0']\n",
      "['-0.9961709976196289', '-0.08524033427238464', '0.019426479935646057', '0.19426420331001282', '0.08742598444223404', '-0.9712667465209961', '0.22135403752326965', '2.213540554046631', '0.0', '0.22220486402511597', '0.9750000238418579', '9.75', '0.0', '0.0', '0.0', '1.0']\n",
      "['0.9855518937110901', '-0.11432735621929169', '0.12496703118085861', '1.2496874332427979', '0.16937385499477386', '0.6652475595474243', '-0.7271576523780823', '-7.271573543548584', '0.0', '0.7378177046775818', '0.675000011920929', '6.75', '0.0', '0.0', '0.0', '1.0']\n",
      "['-0.6123090386390686', '0.5257613658905029', '-0.590468168258667', '-5.904716491699219', '-0.7906185388565063', '-0.40718549489974976', '0.4572989046573639', '4.572944641113281', '0.0', '0.7468433380126953', '0.6650000214576721', '6.650000095367432', '0.0', '0.0', '0.0', '1.0']\n",
      "['-0.08255994319915771', '-0.6527639031410217', '0.7530492544174194', '7.530488967895508', '0.9965860843658447', '-0.05407676100730896', '0.062384676188230515', '0.6238856315612793', '0.0', '0.7556288838386536', '0.6550000309944153', '6.550000190734863', '0.0', '0.0', '0.0', '1.0']\n",
      "['0.7340630292892456', '0.43800750374794006', '-0.51894211769104', '-5.189405918121338', '-0.679081380367279', '0.47347065806388855', '-0.5609581470489502', '-5.609595775604248', '0.0', '0.7641825675964355', '0.6449999809265137', '6.449999809265137', '0.0', '0.0', '0.0', '1.0']\n",
      "['-0.9999880790710449', '-0.0030979241710156202', '0.003768793772906065', '0.03768528252840042', '0.004878620617091656', '-0.6349924206733704', '0.7725029587745667', '7.725029468536377', '0.0', '0.7725121378898621', '0.6349999904632568', '6.349999904632568', '0.0', '0.0', '0.0', '1.0']\n",
      "['0.740653932094574', '-0.419929176568985', '0.5244913697242737', '5.24490213394165', '0.671886682510376', '0.46290871500968933', '-0.5781728029251099', '-5.781738758087158', '0.0', '0.7806247472763062', '0.625', '6.25', '0.0', '0.0', '0.0', '1.0']\n",
      "['-0.6045656800270081', '-0.4819159507751465', '0.6342375874519348', '6.342409133911133', '0.7965552806854248', '-0.36576223373413086', '0.48137059807777405', '4.813662528991699', '0.0', '0.7962254881858826', '0.6050000190734863', '6.050000190734863', '0.0', '0.0', '0.0', '1.0']\n",
      "['0.9838510155677795', '0.10649871826171875', '-0.1438584178686142', '-1.4385370016098022', '-0.1789894551038742', '0.5853913426399231', '-0.7907463312149048', '-7.907471656799316', '0.0', '0.8037257194519043', '0.5949999690055847', '5.949999809265137', '0.0', '0.0', '0.0', '1.0']\n",
      "['-0.8463654518127441', '0.31157249212265015', '-0.4319584369659424', '-4.319608688354492', '-0.5326026082038879', '-0.4951237738132477', '0.6864305734634399', '6.864290237426758', '0.0', '0.811033308506012', '0.5849999785423279', '5.849999904632568', '0.0', '0.0', '0.0', '1.0']\n",
      "['0.26431334018707275', '-0.5545511841773987', '0.7890573143959045', '7.890575408935547', '0.9644368886947632', '0.1519801765680313', '-0.21624885499477386', '-2.1624796390533447', '0.0', '0.8181533813476562', '0.574999988079071', '5.75', '0.0', '0.0', '0.0', '1.0']\n",
      "['0.7936006188392639', '-0.5871436595916748', '0.1595630794763565', '1.595630168914795', '0.608439028263092', '0.765824556350708', '-0.2081216722726822', '-2.081217050552368', '0.0', '0.2622498869895935', '0.9649999737739563', '9.649999618530273', '0.0', '0.0', '0.0', '1.0']\n",
      "['0.4565734565258026', '0.5026724338531494', '-0.7340716123580933', '-7.3407206535339355', '-0.8896857500076294', '0.25796398520469666', '-0.3767145872116089', '-3.767136573791504', '0.0', '0.8250908851623535', '0.5649999976158142', '5.650000095367432', '0.0', '0.0', '0.0', '1.0']\n",
      "['-0.937637984752655', '-0.19292542338371277', '0.2891623079776764', '2.8916516304016113', '0.3476133644580841', '-0.5203890800476074', '0.7799744606018066', '7.799734115600586', '0.0', '0.8318503499031067', '0.5550000071525574', '5.550000190734863', '0.0', '0.0', '0.0', '1.0']\n",
      "['0.9261935949325562', '-0.205491304397583', '0.3161308765411377', '3.161261558532715', '0.3770482838153839', '0.5047754645347595', '-0.7765541076660156', '-7.765560150146484', '0.0', '0.8384360671043396', '0.5449999570846558', '5.449999809265137', '0.0', '0.0', '0.0', '1.0']\n",
      "['-0.4282654821872711', '0.4834543764591217', '-0.7634530663490295', '-7.634555339813232', '-0.9036529660224915', '-0.22912205755710602', '0.3618209660053253', '3.6181581020355225', '0.0', '0.8448520302772522', '0.5350000262260437', '5.349999904632568', '0.0', '0.0', '0.0', '1.0']\n",
      "['-0.29462146759033203', '-0.5016973614692688', '0.8133252263069153', '8.133241653442383', '0.9556140303611755', '-0.15467627346515656', '0.2507529854774475', '2.5075652599334717', '0.0', '0.8511022329330444', '0.5250000357627869', '5.25', '0.0', '0.0', '0.0', '1.0']\n",
      "['-0.9777114987373352', '0.10602618008852005', '-0.1812143623828888', '-1.812139630317688', '-0.20995283126831055', '-0.4937443137168884', '0.8438817262649536', '8.438817977905273', '0.0', '0.86311936378479', '0.5049999952316284', '5.050000190734863', '0.0', '0.0', '0.0', '1.0']\n",
      "['0.5791109800338745', '-0.40354812145233154', '0.7083638906478882', '7.083624362945557', '0.8152487277984619', '0.28665995597839355', '-0.5031854510307312', '-5.031875133514404', '0.0', '0.8688929677009583', '0.49500003457069397', '4.949999809265137', '0.0', '0.0', '0.0', '1.0']\n",
      "['0.12367658317089081', '0.48127639293670654', '-0.8678001761436462', '-8.678007125854492', '-0.992322564125061', '0.059983134269714355', '-0.10815691947937012', '-1.0815232992172241', '0.0', '0.8745141625404358', '0.48499995470046997', '4.849999904632568', '0.0', '0.0', '0.0', '1.0']\n",
      "['-0.7614911794662476', '-0.30788326263427734', '0.5703849792480469', '5.703799247741699', '0.6481752395629883', '-0.3617083430290222', '0.6701014041900635', '6.701057434082031', '0.0', '0.8799857497215271', '0.4750000536441803', '4.75', '0.0', '0.0', '0.0', '1.0']\n",
      "['0.9993358850479126', '-0.016943706199526787', '0.0322590135037899', '0.3226357400417328', '0.036438073962926865', '0.46469125151634216', '-0.8847227096557617', '-8.8472261428833', '0.0', '0.8853106498718262', '0.46500006318092346', '4.650000095367432', '0.0', '0.0', '0.0', '1.0']\n",
      "['-0.17418122291564941', '0.9404014945030212', '-0.29207178950309753', '-2.920717239379883', '-0.984713613986969', '-0.1663430631160736', '0.05166316032409668', '0.5166337490081787', '0.0', '0.29660579562187195', '0.9549999833106995', '9.550000190734863', '0.0', '0.0', '0.0', '1.0']\n",
      "['-0.7122639417648315', '0.3193698525428772', '-0.6250463724136353', '-6.250481128692627', '-0.7019117474555969', '-0.32408010959625244', '0.6342649459838867', '6.342632293701172', '0.0', '0.8904914259910583', '0.45500004291534424', '4.550000190734863', '0.0', '0.0', '0.0', '1.0']\n",
      "['0.051064297556877136', '-0.44441938400268555', '0.8943622708320618', '8.943622589111328', '0.9986953735351562', '0.0227236095815897', '-0.04572964087128639', '-0.45729342103004456', '0.0', '0.8955305814743042', '0.44499996304512024', '4.449999809265137', '0.0', '0.0', '0.0', '1.0']\n",
      "['0.6369576454162598', '0.3353409767150879', '-0.6941407322883606', '-6.9414191246032715', '-0.7708987593650818', '0.2770765721797943', '-0.5735360980033875', '-5.73534631729126', '0.0', '0.90043044090271', '0.4350000023841858', '4.349999904632568', '0.0', '0.0', '0.0', '1.0']\n",
      "['-0.9904077649116516', '-0.05872466415166855', '0.12507569789886475', '1.250797152519226', '0.13817566633224487', '-0.4209233224391937', '0.8965104818344116', '8.965099334716797', '0.0', '0.9051933288574219', '0.42500004172325134', '4.25', '0.0', '0.0', '0.0', '1.0']\n",
      "['-0.2242438942193985', '0.39468586444854736', '-0.8910318613052368', '-8.910330772399902', '-0.9745330810546875', '-0.09081876277923584', '0.2050299346446991', '2.050246238708496', '0.0', '0.914316713809967', '0.4049999713897705', '4.050000190734863', '0.0', '0.0', '0.0', '1.0']\n",
      "['-0.4929392635822296', '-0.3436751365661621', '0.7993111610412598', '7.9930949211120605', '0.8700637221336365', '-0.19471098482608795', '0.4528540074825287', '4.528568267822266', '0.0', '0.9186811447143555', '0.3949999511241913', '3.950000047683716', '0.0', '0.0', '0.0', '1.0']\n",
      "['0.951198399066925', '0.11880328506231308', '-0.28479352593421936', '-2.8479254245758057', '-0.3085799515247345', '0.3662114143371582', '-0.8778767585754395', '-8.77877140045166', '0.0', '0.92291659116745', '0.3850000202655792', '3.8499999046325684', '0.0', '0.0', '0.0', '1.0']\n",
      "['-0.90982586145401', '0.15562133491039276', '-0.3847062587738037', '-3.8470518589019775', '-0.41499024629592896', '-0.34118467569351196', '0.8434311747550964', '8.434316635131836', '0.0', '0.9270248413085938', '0.3749999701976776', '3.75', '0.0', '0.0', '0.0', '1.0']\n",
      "['0.39055317640304565', '-0.3360117971897125', '0.8570672869682312', '8.570658683776855', '0.9205803871154785', '0.14255188405513763', '-0.3636079430580139', '-3.63611102104187', '0.0', '0.9310075640678406', '0.3649999499320984', '3.6500000953674316', '0.0', '0.0', '0.0', '1.0']\n",
      "['0.33386361598968506', '0.3346305787563324', '-0.8812249898910522', '-8.81226921081543', '-0.9426214098930359', '0.11852157860994339', '-0.3121178448200226', '-3.121124744415283', '0.0', '0.9348663091659546', '0.35499998927116394', '3.549999952316284', '0.0', '0.0', '0.0', '1.0']\n",
      "['-0.5367274880409241', '-0.7973490953445435', '0.27596744894981384', '2.7596731185913086', '0.8437556624412537', '-0.507207453250885', '0.17554764449596405', '1.7554782629013062', '0.0', '0.32707032561302185', '0.9449999928474426', '9.449999809265137', '0.0', '0.0', '0.0', '1.0']\n",
      "['-0.8829061985015869', '-0.16199451684951782', '0.4407203197479248', '4.407147407531738', '0.46954938769340515', '-0.30460259318351746', '0.8286981582641602', '8.28701114654541', '0.0', '0.9386026859283447', '0.34499993920326233', '3.450000047683716', '0.0', '0.0', '0.0', '1.0']\n",
      "['0.9681991934776306', '-0.08381050080060959', '0.23572467267513275', '2.357147216796875', '0.25018057227134705', '0.32434675097465515', '-0.912254810333252', '-9.122573852539062', '0.0', '0.9422181248664856', '0.33500003814697266', '3.3499999046325684', '0.0', '0.0', '0.0', '1.0']\n",
      "['-0.5449361801147461', '0.2725051939487457', '-0.7929599285125732', '-7.929609298706055', '-0.8384775519371033', '-0.17710424959659576', '0.515353798866272', '5.153522491455078', '0.0', '0.945713996887207', '0.32499998807907104', '3.25', '0.0', '0.0', '0.0', '1.0']\n",
      "['0.7876285910606384', '0.18792583048343658', '-0.5867922306060791', '-5.86794376373291', '-0.6161503195762634', '0.24022668600082397', '-0.7500998973846436', '-7.500982284545898', '0.0', '0.9523523449897766', '0.3049999475479126', '3.049999952316284', '0.0', '0.0', '0.0', '1.0']\n",
      "['-0.9969773888587952', '0.022919299080967903', '-0.07423502206802368', '-0.7424451112747192', '-0.07769255340099335', '-0.2941082715988159', '0.952609121799469', '9.526083946228027', '0.0', '0.9554972648620605', '0.29499995708465576', '2.950000047683716', '0.0', '0.0', '0.0', '1.0']\n",
      "['0.682646632194519', '-0.2082633674144745', '0.7004427313804626', '7.004376411437988', '0.7307486534118652', '0.19455428421497345', '-0.6543355584144592', '-6.54340934753418', '0.0', '0.9585275053977966', '0.2849999964237213', '2.8499999046325684', '0.0', '0.0', '0.0', '1.0']\n",
      "['-0.00976157933473587', '0.2749868631362915', '-0.9613984227180481', '-9.613985061645508', '-0.9999523758888245', '-0.002684434177353978', '0.009385214187204838', '0.09380271285772324', '0.0', '0.9614442586898804', '0.2749999761581421', '2.75', '0.0', '0.0', '0.0', '1.0']\n",
      "['-0.668273389339447', '-0.19713768362998962', '0.7173196077346802', '7.173276901245117', '0.7439157962799072', '-0.17709244787693024', '0.6443815231323242', '6.4437255859375', '0.0', '0.9642484188079834', '0.26500001549720764', '2.6500000953674316', '0.0', '0.0', '0.0', '1.0']\n",
      "['0.9952706098556519', '0.02477094903588295', '-0.09392958879470825', '-0.9392927885055542', '-0.09714096784591675', '0.2537940442562103', '-0.9623680114746094', '-9.62368106842041', '0.0', '0.9669410586357117', '0.2550000250339508', '2.549999952316284', '0.0', '0.0', '0.0', '1.0']\n",
      "['-0.7995070815086365', '0.1471608728170395', '-0.582350492477417', '-5.823606967926025', '-0.6006566286087036', '-0.1958792358636856', '0.7751405835151672', '7.751328945159912', '0.0', '0.9695230722427368', '0.2449999898672104', '2.450000047683716', '0.0', '0.0', '0.0', '1.0']\n",
      "['0.9657150506973267', '0.24273017048835754', '-0.0920681282877922', '-0.9206807017326355', '-0.25960445404052734', '0.9029435515403748', '-0.3424886167049408', '-3.424886465072632', '0.0', '0.3546477258205414', '0.9350000023841858', '9.350000381469727', '0.0', '0.0', '0.0', '1.0']\n",
      "['0.18377654254436493', '-0.2309975028038025', '0.9554404020309448', '9.55439567565918', '0.9829680323600769', '0.04318748787045479', '-0.17862993478775024', '-1.7863423824310303', '0.0', '0.9719953536987305', '0.23499999940395355', '2.3499999046325684', '0.0', '0.0', '0.0', '1.0']\n",
      "['0.5284633636474609', '0.19101516902446747', '-0.8271878361701965', '-8.271835327148438', '-0.8489561080932617', '0.11890428513288498', '-0.5149129033088684', '-5.149198055267334', '0.0', '0.9743587374687195', '0.2250000536441803', '2.25', '0.0', '0.0', '0.0', '1.0']\n",
      "['0.8919045925140381', '-0.09270581603050232', '0.442619264125824', '4.426223278045654', '0.45222359895706177', '0.18284039199352264', '-0.8729622960090637', '-8.729607582092285', '0.0', '0.9787619709968567', '0.20499993860721588', '2.049999952316284', '0.0', '0.0', '0.0', '1.0']\n",
      "['-0.35217350721359253', '0.1825072467327118', '-0.9179677963256836', '-9.1796293258667', '-0.9359347224235535', '-0.06867382675409317', '0.3454129099845886', '3.454258918762207', '0.0', '0.9808032512664795', '0.19499997794628143', '1.9500000476837158', '0.0', '0.0', '0.0', '1.0']\n",
      "['-0.37252113223075867', '-0.1716843545436859', '0.9120046496391296', '9.120051383972168', '0.9280236959457397', '-0.06891639530658722', '0.3660908639431', '3.6608967781066895', '0.0', '0.9827385544776917', '0.1849999725818634', '1.850000023841858', '0.0', '0.0', '0.0', '1.0']\n",
      "['0.9015509486198425', '0.07571777701377869', '-0.42599615454673767', '-4.259859085083008', '-0.43267297744750977', '0.15777142345905304', '-0.8876385688781738', '-8.876435279846191', '0.0', '0.9845684170722961', '0.17500001192092896', '1.75', '0.0', '0.0', '0.0', '1.0']\n",
      "['-0.9570368528366089', '0.04784441366791725', '-0.2859918177127838', '-2.85986065864563', '-0.2899662256240845', '-0.1579110473394394', '0.94391930103302', '9.439210891723633', '0.0', '0.9862935543060303', '0.16499996185302734', '1.649999976158142', '0.0', '0.0', '0.0', '1.0']\n",
      "['0.509830892086029', '-0.13334256410598755', '0.8498777747154236', '8.498811721801758', '0.860274612903595', '0.07902378588914871', '-0.5036693215370178', '-5.036635875701904', '0.0', '0.9879144430160522', '0.1549999862909317', '1.5499999523162842', '0.0', '0.0', '0.0', '1.0']\n",
      "['0.20519103109836578', '0.1419147253036499', '-0.968378484249115', '-9.683807373046875', '-0.9787219166755676', '0.029752707108855247', '-0.20302249491214752', '-2.0301191806793213', '0.0', '0.989431619644165', '0.14500004053115845', '1.4500000476837158', '0.0', '0.0', '0.0', '1.0']\n",
      "['-0.8124111890792847', '-0.07871648669242859', '0.5777472257614136', '5.777456283569336', '0.5830850005149841', '-0.10967552661895752', '0.8049740195274353', '8.049751281738281', '0.0', '0.9908456206321716', '0.13500002026557922', '1.350000023841858', '0.0', '0.0', '0.0', '1.0']\n",
      "['-0.887448251247406', '0.4263392686843872', '-0.17512962222099304', '-1.7512950897216797', '-0.46090734004974365', '-0.8208896517753601', '0.33720114827156067', '3.372012138366699', '0.0', '0.3799670934677124', '0.925000011920929', '9.25', '0.0', '0.0', '0.0', '1.0']\n",
      "['0.992916464805603', '-0.01485178992152214', '0.11788247525691986', '1.178970217704773', '0.1188143715262413', '0.1241145133972168', '-0.9851288199424744', '-9.85127067565918', '0.0', '0.9921567440032959', '0.12499994784593582', '1.25', '0.0', '0.0', '0.0', '1.0']\n",
      "['-0.031557805836200714', '-0.10494773089885712', '0.993976891040802', '9.939765930175781', '0.9995019435882568', '-0.003313570749014616', '0.03138336166739464', '0.31393253803253174', '0.0', '0.9944722056388855', '0.10500002652406693', '1.0499999523162842', '0.0', '0.0', '0.0', '1.0']\n",
      "['0.6984362602233887', '0.06798888742923737', '-0.7124354839324951', '-7.124408721923828', '-0.7156722545623779', '0.06635146588087082', '-0.6952773928642273', '-6.952719211578369', '0.0', '0.9954772591590881', '0.09500003606081009', '0.949999988079071', '0.0', '0.0', '0.0', '1.0']\n",
      "['-0.9984341263771057', '-0.004754930268973112', '0.0557379424571991', '0.5573284029960632', '0.05594039335846901', '-0.08486684411764145', '0.9948207139968872', '9.948209762573242', '0.0', '0.9963809847831726', '0.0849999487400055', '0.8500000238418579', '0.0', '0.0', '0.0', '1.0']\n",
      "['0.773990273475647', '-0.04748979210853577', '0.6314141154289246', '6.31404447555542', '0.633197546005249', '0.058049242943525314', '-0.7718103528022766', '-7.718182563781738', '0.0', '0.9971835613250732', '0.07499996572732925', '0.75', '0.0', '0.0', '0.0', '1.0']\n",
      "['-0.14301025867462158', '0.06433192640542984', '-0.9876282215118408', '-9.876282691955566', '-0.9897211790084839', '-0.009295674040913582', '0.14270782470703125', '1.4270751476287842', '0.0', '0.9978852868080139', '0.06500004976987839', '0.6499999761581421', '0.0', '0.0', '0.0', '1.0']\n",
      "['-0.56308513879776', '-0.04545196518301964', '0.8251479864120483', '8.251405715942383', '0.8263989090919495', '-0.03096969984471798', '0.5622328519821167', '5.622437000274658', '0.0', '0.998486340045929', '0.05500003322958946', '0.550000011920929', '0.0', '0.0', '0.0', '1.0']\n",
      "['0.9734299182891846', '0.01030432153493166', '-0.22875311970710754', '-2.2875750064849854', '-0.22898507118225098', '0.043804317712783813', '-0.9724438190460205', '-9.724428176879883', '0.0', '0.9989869594573975', '0.044999971985816956', '0.44999998807907104', '0.0', '0.0', '0.0', '1.0']\n",
      "['-0.8724604249000549', '0.01710399053990841', '-0.4883853793144226', '-4.8839263916015625', '-0.4886848032474518', '-0.03053615428507328', '0.8719258904457092', '8.719218254089355', '0.0', '0.9993873238563538', '0.035000044852495193', '0.3499999940395355', '0.0', '0.0', '0.0', '1.0']\n",
      "['0.3132065534591675', '-0.023742077872157097', '0.9493882060050964', '9.493852615356445', '0.9496850371360779', '0.007830147631466389', '-0.3131086528301239', '-3.1311750411987305', '0.0', '0.9996874332427979', '0.02499995008111', '0.25', '0.0', '0.0', '0.0', '1.0']\n",
      "['0.3815558850765228', '0.8365328907966614', '-0.39322739839553833', '-3.9322729110717773', '-0.9243457913398743', '0.3453080654144287', '-0.16231828927993774', '-1.6231850385665894', '0.0', '0.425411581993103', '0.9049999713897705', '9.050000190734863', '0.0', '0.0', '0.0', '1.0']\n"
     ]
    }
   ],
   "source": [
    "get_rays('fox')"
   ]
  },
  {
   "cell_type": "code",
   "execution_count": null,
   "metadata": {},
   "outputs": [],
   "source": [
    "# so here pose values as 16 values as string we need to convert to numpy array\n",
    "# so that we get it as 4x4 matrix\n",
    "#so we use reshape\n",
    "def get_rays(datapath):\n",
    "    \n",
    "    pos_file_names = os.listdir(datapath + '/train/pose')\n",
    "    intrinsics_file_names = os.listdir(datapath + '/train/intrinsics')\n",
    "    img_file_names =[f for f in os.listdir(datapath + '/imgs') if 'train' in f]\n",
    "\n",
    "    # print(len(pos_file_naemes))\n",
    "    # print(len(intrinsics_file_names))\n",
    "    # print(len(img_file_names))\n",
    "\n",
    "    assert len(pos_file_names) == len(intrinsics_file_names)\n",
    "    assert len(img_file_names) == len(pos_file_names)\n",
    "\n",
    "    # Read\n",
    "    N = len(pos_file_names)\n",
    "    poses = np.zeros((N, 4, 4))\n",
    "    intrinsics = np.zeros((N, 4, 4))\n",
    "    \n",
    "    images = []\n",
    "    \n",
    "    for i in range(N):\n",
    "        name = pos_file_names[i]\n",
    "        \n",
    "        pose = open(datapath + '/train/pose/' + name).read().split()\n",
    "        poses[i] = np.array(pose, dtype=float).reshape(4, 4)\n",
    "        print(poses[i])\n",
    "        break\n",
    "        #intrinsic = open(datapath + '/train/intrinsics/' + name).read().split()\n",
    "        #intrinsics[i] = np.array(intrinsic, dtype=float).reshape(4, 4)\n",
    "    \n",
    "# we have now listed all the files\n"
   ]
  },
  {
   "cell_type": "code",
   "execution_count": 7,
   "metadata": {},
   "outputs": [
    {
     "name": "stdout",
     "output_type": "stream",
     "text": [
      "[[ 0.68592066 -0.32401347  0.65155822  7.35889149]\n",
      " [ 0.72767633  0.30542085 -0.61417037 -6.92579079]\n",
      " [ 0.          0.89539564  0.4452714   4.95830917]\n",
      " [ 0.          0.          0.          1.        ]]\n"
     ]
    }
   ],
   "source": [
    "get_rays('fox')"
   ]
  },
  {
   "cell_type": "code",
   "execution_count": 23,
   "metadata": {},
   "outputs": [],
   "source": [
    "# so here pose values as 16 values as string we need to convert to numpy array\n",
    "# so that we get it as 4x4 matrix\n",
    "#so we use reshape\n",
    "def get_rays(datapath):\n",
    "    \n",
    "    pos_file_names = os.listdir(datapath + '/train/pose')\n",
    "    intrinsics_file_names = os.listdir(datapath + '/train/intrinsics')\n",
    "    img_file_names =[f for f in os.listdir(datapath + '/imgs') if 'train' in f]\n",
    "\n",
    "    assert len(pos_file_names) == len(intrinsics_file_names)\n",
    "    assert len(img_file_names) == len(pos_file_names)\n",
    "\n",
    "    # Read\n",
    "    N = len(pos_file_names)\n",
    "    poses = np.zeros((N, 4, 4))\n",
    "    intrinsics = np.zeros((N, 4, 4))\n",
    "    \n",
    "    images = []\n",
    "    \n",
    "    for i in range(N):\n",
    "        name = pos_file_names[i]\n",
    "        \n",
    "        pose = open(datapath + '/train/pose/' + name).read().split()\n",
    "        poses[i] = np.array(pose, dtype=float).reshape(4, 4)\n",
    "\n",
    "        intrinsic = open(datapath + '/train/intrinsics/' + name).read().split()\n",
    "        intrinsics[i] = np.array(intrinsic, dtype=float).reshape(4, 4)\n",
    "\n",
    "        #read images\n",
    "        name = img_file_names[i]\n",
    "        img  = imageio.imread(datapath + '/imgs/' + name)\n",
    "        \n",
    "        print(img.shape)\n",
    "        print(img)\n",
    "        print(img.max())\n",
    "        break\n",
    "    \n",
    "# we have now listed all the files\n"
   ]
  },
  {
   "cell_type": "code",
   "execution_count": 24,
   "metadata": {},
   "outputs": [
    {
     "name": "stdout",
     "output_type": "stream",
     "text": [
      "(400, 400, 4)\n",
      "[[[0 0 0 0]\n",
      "  [1 1 1 0]\n",
      "  [0 0 0 0]\n",
      "  ...\n",
      "  [0 0 0 0]\n",
      "  [0 0 0 0]\n",
      "  [0 0 0 0]]\n",
      "\n",
      " [[0 0 0 0]\n",
      "  [0 0 0 0]\n",
      "  [1 1 1 0]\n",
      "  ...\n",
      "  [0 0 0 0]\n",
      "  [0 0 0 0]\n",
      "  [0 0 0 0]]\n",
      "\n",
      " [[0 0 0 0]\n",
      "  [0 0 0 0]\n",
      "  [0 0 0 0]\n",
      "  ...\n",
      "  [0 0 0 0]\n",
      "  [0 0 0 0]\n",
      "  [0 0 0 0]]\n",
      "\n",
      " ...\n",
      "\n",
      " [[1 1 1 0]\n",
      "  [1 1 1 0]\n",
      "  [1 1 1 0]\n",
      "  ...\n",
      "  [1 1 1 0]\n",
      "  [0 0 0 0]\n",
      "  [0 0 0 0]]\n",
      "\n",
      " [[1 1 1 0]\n",
      "  [0 0 0 0]\n",
      "  [0 0 0 0]\n",
      "  ...\n",
      "  [0 0 0 0]\n",
      "  [1 1 1 0]\n",
      "  [1 1 1 0]]\n",
      "\n",
      " [[0 0 0 0]\n",
      "  [1 1 1 0]\n",
      "  [0 0 0 0]\n",
      "  ...\n",
      "  [0 0 0 0]\n",
      "  [1 1 1 0]\n",
      "  [0 0 0 0]]]\n",
      "255\n"
     ]
    },
    {
     "name": "stderr",
     "output_type": "stream",
     "text": [
      "c:\\Users\\mrmoh\\anaconda3\\envs\\Nerf\\lib\\site-packages\\ipykernel_launcher.py:31: DeprecationWarning: Starting with ImageIO v3 the behavior of this function will switch to that of iio.v3.imread. To keep the current behavior (and make this warning disappear) use `import imageio.v2 as imageio` or call `imageio.v2.imread` directly.\n"
     ]
    }
   ],
   "source": [
    "get_rays('fox')"
   ]
  },
  {
   "cell_type": "code",
   "execution_count": null,
   "metadata": {},
   "outputs": [],
   "source": [
    "# So here we can see that the images are of 4 channels and the max value is 255\n",
    "# so we need to divide by 255 to get the values between 0 and 1\n",
    "\n",
    "def get_rays(datapath):\n",
    "    \n",
    "    pos_file_names = os.listdir(datapath + '/train/pose')\n",
    "    intrinsics_file_names = os.listdir(datapath + '/train/intrinsics')\n",
    "    img_file_names =[f for f in os.listdir(datapath + '/imgs') if 'train' in f]\n",
    "\n",
    "    assert len(pos_file_names) == len(intrinsics_file_names)\n",
    "    assert len(img_file_names) == len(pos_file_names)\n",
    "\n",
    "    # Read\n",
    "    N = len(pos_file_names)\n",
    "    poses = np.zeros((N, 4, 4))\n",
    "    intrinsics = np.zeros((N, 4, 4))\n",
    "    \n",
    "    images = []\n",
    "    \n",
    "    for i in range(N):\n",
    "        name = pos_file_names[i]\n",
    "        \n",
    "        pose = open(datapath + '/train/pose/' + name).read().split()\n",
    "        poses[i] = np.array(pose, dtype=float).reshape(4, 4)\n",
    "\n",
    "        intrinsic = open(datapath + '/train/intrinsics/' + name).read().split() \n",
    "        intrinsics[i] = np.array(intrinsic, dtype=float).reshape(4, 4)\n",
    "\n",
    "        #read images    \n",
    "        name = img_file_names[i]\n",
    "        img  = imageio.imread(datapath + '/imgs/' + name) / 255.\n",
    "        images.append(img[None, ...])\n",
    "    images = np.concatenate(images)\n",
    "    print(images.shape)    "
   ]
  },
  {
   "cell_type": "code",
   "execution_count": 28,
   "metadata": {},
   "outputs": [
    {
     "name": "stderr",
     "output_type": "stream",
     "text": [
      "c:\\Users\\mrmoh\\anaconda3\\envs\\Nerf\\lib\\site-packages\\ipykernel_launcher.py:31: DeprecationWarning: Starting with ImageIO v3 the behavior of this function will switch to that of iio.v3.imread. To keep the current behavior (and make this warning disappear) use `import imageio.v2 as imageio` or call `imageio.v2.imread` directly.\n"
     ]
    },
    {
     "name": "stdout",
     "output_type": "stream",
     "text": [
      "(90, 400, 400, 4)\n"
     ]
    }
   ],
   "source": [
    "get_rays('fox')"
   ]
  },
  {
   "cell_type": "code",
   "execution_count": null,
   "metadata": {},
   "outputs": [],
   "source": [
    "#here the output we got is (90, 400, 400, 4)\n",
    "#so we have 90 images of 400x400 and 4 channels\n",
    "#where 90 is the number of images\n",
    "# 400 is the height and 400 is the width"
   ]
  },
  {
   "cell_type": "code",
   "execution_count": 35,
   "metadata": {},
   "outputs": [],
   "source": [
    "def get_rays(datapath, mode='train'):\n",
    "    \n",
    "    pose_file_names = [f for f in os.listdir(datapath + f'/{mode}/pose') if f.endswith('.txt')]\n",
    "    intrisics_file_names = [f for f in os.listdir(datapath + f'/{mode}/intrinsics') if f.endswith('.txt')]\n",
    "    img_file_names = [f for f in os.listdir(datapath + '/imgs') if mode in f]\n",
    "\n",
    "    #here mode is for train or test\n",
    "    \n",
    "\n",
    "    assert len(pose_file_names) == len(intrisics_file_names)\n",
    "    assert len(img_file_names) == len(pose_file_names)\n",
    "    \n",
    "    # Read\n",
    "    N = len(pose_file_names)\n",
    "    poses = np.zeros((N, 4, 4))\n",
    "    intrinsics = np.zeros((N, 4, 4))\n",
    "    \n",
    "    images = []\n",
    "    \n",
    "    for i in range(N):\n",
    "        name = pose_file_names[i]\n",
    "        \n",
    "        pose = open(datapath + f'/{mode}/pose/' + name).read().split()\n",
    "        poses[i] = np.array(pose, dtype=float).reshape(4, 4)\n",
    "        \n",
    "        intrinsic = open(datapath + f'/{mode}/intrinsics/' + name).read().split()\n",
    "        intrinsics[i] = np.array(intrinsic, dtype=float).reshape(4, 4)\n",
    "        \n",
    "        # Read images\n",
    "        img = imageio.imread(datapath + '/imgs/' + name.replace('txt', 'png')) / 255.\n",
    "        images.append(img[None, ...])\n",
    "    images = np.concatenate(images)\n",
    "    \n",
    "    H = images.shape[1] #height = 400\n",
    "    W = images.shape[2] #width = 400 \n",
    "    \n",
    "    if images.shape[3] == 4: #RGBA -> RGB (so last dimension is alpha) we do blending\n",
    "        #ie alpha blending to get RGB (alpha is the last dimension and opacity)\n",
    "        images = images[..., :3] * images[..., -1:] + (1 - images[..., -1:])\n",
    "        #so basically we take the RGB channel and multiply it with the alpha channel\n",
    "        #(1 - images[..., -1:]) we do regularization ie we take the alpha channel and subtract it from 1\n",
    "        #and then we add it to the RGB channel\n",
    "        #this is done because black is 0 and white is 1 in the alpha channel\n",
    "\n",
    "    plt.imshow(images[1])\n",
    "    plt.show()\n",
    "\n",
    "    print(images.shape)\n",
    "    print(images.max())\n",
    "\n",
    "\n",
    "\n",
    "    # rays_o = np.zeros((N, H*W, 3))\n",
    "    # rays_d = np.zeros((N, H*W, 3))\n",
    "    # target_px_values = images.reshape((N, H*W, 3))\n",
    "    \n",
    "    # for i in range(N):\n",
    "        \n",
    "    #     c2w = poses[i]\n",
    "    #     f = intrinsics[i, 0, 0]\n",
    "\n",
    "    #     u = np.arange(W)\n",
    "    #     v = np.arange(H)\n",
    "    #     u, v = np.meshgrid(u, v)\n",
    "    #     dirs = np.stack((u - W / 2, -(v - H / 2), - np.ones_like(u) * f), axis=-1)\n",
    "    #     dirs = (c2w[:3, :3] @ dirs[..., None]).squeeze(-1)\n",
    "    #     dirs = dirs / np.linalg.norm(dirs, axis=-1, keepdims=True)\n",
    "        \n",
    "    #     rays_d[i] = dirs.reshape(-1, 3)\n",
